iteration=0
location_ranges=[(546106295, 584514005), (748285184, 753484929), (753484930, 806290838), (1012805635, 1065114717)]
min(location_ranges)=(546106295, 584514005)
iteration=1
location_ranges=[(143604042, 190319139), (803993665, 834447569), (966450672, 1008425724), (1394333943, 1462202707)]
min(location_ranges)=(143604042, 190319139)
iteration=2
location_ranges=[(318184748, 327941690), (501346218, 509936587), (1118925110, 1133100410), (1163891565, 1167936741), (1304267418, 1331685134), (1536002960, 1560924706), (1881416291, 1916190298), (4193682147, 4217429720)]
min(location_ranges)=(318184748, 327941690)
iteration=3
location_ranges=[(1005856673, 1006707611)]
min(location_ranges)=(1005856673, 1006707611)
iteration=4
location_ranges=[(1093203236, 1099280386)]
min(location_ranges)=(1093203236, 1099280386)
iteration=5
location_ranges=[(192457376, 198620951), (834447570, 834478393), (839228347, 856226213), (1484221851, 1551657180), (2004755918, 2023682468), (2159537216, 2169403929), (2722277641, 2754500746), (2996181772, 3012966636), (3036948483, 3073098911), (3430424105, 3431278061), (3942173186, 3957052440)]
min(location_ranges)=(192457376, 198620951)
iteration=6
location_ranges=[(327941691, 328588780), (1156959152, 1186990176), (1229936906, 1329801246), (1432825201, 1459792305), (1916190299, 1981179652), (2272573224, 2273436290), (2336982145, 2346762818), (2497629182, 2553394044), (2693612942, 2695699323), (2864587121, 2865619219), (3093647828, 3143216571), (3605970377, 3614557895), (3819652948, 3829374289), (4042633851, 4054467549), (4168968434, 4169284700), (4264409414, 4277972006), (4277972007, 4294967295)]
min(location_ranges)=(327941691, 328588780)
iteration=7
location_ranges=[(2326528, 10669638), (386359019, 388362885), (2349667938, 2374579366)]
min(location_ranges)=(2326528, 10669638)
iteration=8
location_ranges=[(1782343492, 1791164653), (2322219090, 2336982144), (2695699324, 2718684942), (2901402956, 2930160318), (3654611062, 3680439477), (3856793830, 3897643777)]
min(location_ranges)=(1782343492, 1791164653)
iteration=9
location_ranges=[(834447570, 834478393), (839228347, 856226213), (1484221851, 1551657180), (2722277641, 2754500746), (2996181772, 3012966636), (3430424105, 3431278061), (3750718952, 3757390359)]
min(location_ranges)=(834447570, 834478393)


----- this got me 2326528; that is wrong.